4.327073097229003906e-01 1.708000000000000000e+03
4.381071329116821289e-01 2.077000000000000000e+03
4.435069561004638672e-01 2.606000000000000000e+03
4.489067196846008301e-01 3.253000000000000000e+03
4.543065428733825684e-01 3.870000000000000000e+03
4.597063660621643066e-01 4.379000000000000000e+03
4.651061296463012695e-01 4.652000000000000000e+03
4.705059528350830078e-01 5.117000000000000000e+03
4.759057760238647461e-01 5.268000000000000000e+03
4.813055396080017090e-01 5.674000000000000000e+03
4.867053627967834473e-01 6.082000000000000000e+03
4.921051859855651855e-01 6.387000000000000000e+03
4.975049495697021484e-01 6.155000000000000000e+03
5.029047727584838867e-01 6.238000000000000000e+03
5.083045959472656250e-01 6.189000000000000000e+03
5.137044191360473633e-01 6.117000000000000000e+03
5.191041827201843262e-01 6.013000000000000000e+03
5.245040059089660645e-01 6.278000000000000000e+03
5.299037694931030273e-01 6.034000000000000000e+03
5.353035926818847656e-01 5.684000000000000000e+03
5.407034158706665039e-01 5.846000000000000000e+03
5.461032390594482422e-01 5.677000000000000000e+03
5.515030026435852051e-01 5.964000000000000000e+03
5.569028258323669434e-01 6.161000000000000000e+03
5.623025894165039062e-01 5.573000000000000000e+03
5.677024126052856445e-01 5.625000000000000000e+03
5.731022357940673828e-01 5.679000000000000000e+03
5.785020589828491211e-01 5.144000000000000000e+03
5.839018225669860840e-01 4.781000000000000000e+03
5.893016457557678223e-01 4.783000000000000000e+03
5.947014093399047852e-01 4.731000000000000000e+03
6.001012325286865234e-01 4.420000000000000000e+03
6.055010557174682617e-01 4.117000000000000000e+03
6.109008789062500000e-01 3.876000000000000000e+03
6.163006424903869629e-01 3.843000000000000000e+03
6.217004656791687012e-01 3.600000000000000000e+03
6.271002292633056641e-01 3.263000000000000000e+03
6.325000524520874023e-01 2.938000000000000000e+03
6.378998756408691406e-01 2.799000000000000000e+03
6.432996988296508789e-01 2.539000000000000000e+03
6.486994624137878418e-01 2.343000000000000000e+03
6.540992856025695801e-01 2.226000000000000000e+03
6.594990491867065430e-01 2.059000000000000000e+03
6.648988723754882812e-01 2.032000000000000000e+03
6.702986955642700195e-01 1.777000000000000000e+03
6.756985187530517578e-01 1.651000000000000000e+03
6.810982823371887207e-01 1.455000000000000000e+03
6.864981055259704590e-01 1.398000000000000000e+03
6.918978691101074219e-01 1.235000000000000000e+03
6.972976922988891602e-01 1.110000000000000000e+03
